3474 6679 0 run
3474 6679 1 demoted
3475 6680 0 run
3475 6680 1 demoted
3476 6681 0 run
3476 6681 1 demoted
3477 6682 0 run
3477 6682 1 demoted
3478 6683 0 run
3478 6683 1 demoted
3479 6679 1 run
3480 6679 1 run
3481 6679 1 run
3481 6679 2 demoted
3482 6680 1 run
3483 6680 1 run
3484 6680 1 run
3484 6680 2 demoted
3485 6681 1 run
3486 6681 1 run
3487 6681 1 run
3487 6681 2 demoted
3488 6682 1 run
3489 6682 1 run
3490 6682 1 run
3490 6682 2 demoted
3491 6683 1 run
3492 6683 1 run
3493 6683 1 run
3493 6683 2 demoted
3494 6679 2 run
3495 6679 2 run
3496 6679 2 run
3497 6679 2 run
3498 6679 2 run
3499 6679 2 run
3500 6679 2 run
3501 6679 2 run
3502 6679 2 run
3502 6679 3 demoted
3503 6680 2 run
3504 6680 2 run
3505 6680 2 run
3506 6680 2 run
3507 6680 2 run
3508 6680 2 run
3509 6680 2 run
3510 6680 2 run
3511 6680 2 run
3511 6680 3 demoted
3512 6681 2 run
3513 6681 2 run
3514 6681 2 run
3515 6681 2 run
3516 6681 2 run
3517 6681 2 run
3518 6681 2 run
3519 6681 2 run
3520 6681 2 run
3519 6682 2 before promotion
3520 6682 1 after promotion
3520 6681 3 demoted
3521 6682 1 run
3522 6682 1 run
3523 6682 1 run
3522 6683 2 before promotion
3523 6683 1 after promotion
3523 6682 2 demoted
3524 6683 1 run
3525 6683 1 run
3526 6683 1 run
3526 6683 2 demoted
3527 6682 2 run
3528 6682 2 run
3529 6682 2 run
3530 6682 2 run
3531 6682 2 run
3532 6682 2 run
3531 6679 3 before promotion
3532 6679 2 after promotion
3533 6682 2 run
3534 6682 2 run
3535 6682 2 run
3535 6682 3 demoted
3536 6683 2 run
3537 6683 2 run
3538 6683 2 run
3539 6683 2 run
3540 6683 2 run
3541 6683 2 run
3540 6680 3 before promotion
3541 6680 2 after promotion
3542 6683 2 run
3543 6683 2 run
3544 6683 2 run
3544 6683 3 demoted
3545 6679 2 run
3546 6679 2 run
3547 6679 2 run
3548 6679 2 run
3549 6679 2 run
3550 6679 2 run
3549 6681 3 before promotion
3550 6681 2 after promotion
3551 6679 2 run
3552 6679 2 run
3553 6679 2 run
3553 6679 3 demoted
3554 6680 2 run
3555 6680 2 run
3556 6680 2 run
3557 6680 2 run
3558 6680 2 run
3559 6680 2 run
3560 6680 2 run
3561 6680 2 run
3562 6680 2 run
3562 6680 3 demoted
3563 6681 2 run
3564 6681 2 run
3565 6681 2 run
3564 6682 3 before promotion
3565 6682 2 after promotion
3566 6681 2 run
3567 6681 2 run
3568 6681 2 run
3569 6681 2 run
3570 6681 2 run
3571 6681 2 run
3571 6681 3 demoted
3572 6682 2 run
3573 6682 2 run
3574 6682 2 run
3573 6683 3 before promotion
3574 6683 2 after promotion
3575 6682 2 run
3576 6682 2 run
3577 6682 2 run
3578 6682 2 run
3579 6682 2 run
3580 6682 2 run
3580 6682 3 demoted
3581 6683 2 run
3582 6683 2 run
3583 6683 2 run
3582 6679 3 before promotion
3583 6679 2 after promotion
3584 6683 2 run
3585 6683 2 run
3586 6683 2 run
3587 6683 2 run
3588 6683 2 run
3589 6683 2 run
3589 6683 3 demoted
3590 6679 2 run
3591 6679 2 run
3592 6679 2 run
3591 6680 3 before promotion
3592 6680 2 after promotion
3593 6679 2 run
3594 6679 2 run
3595 6679 2 run
3596 6680 2 run
3597 6680 2 run
3598 6680 2 run
3599 6680 2 run
3600 6680 2 run
3601 6680 2 run
3600 6681 3 before promotion
3601 6681 2 after promotion
3602 6681 2 run
3603 6681 2 run
3604 6681 2 run
3605 6681 2 run
3606 6681 2 run
3607 6681 2 run
3608 6682 3 run
3609 6682 3 run
3610 6682 3 run
3611 6683 3 run
3612 6683 3 run
3613 6683 3 run