6079 6698 51 76   75 1 0 0
6079 6696 51 76   75 1 0 0
6079 6697 51 51   75 1 0 0
6080 6698 51 100   100 2 0 0
6080 6696 51 100   100 2 0 0
6080 6697 51 100   100 2 0 0
6081 6698 51 100   112 3 0 0
6081 6696 51 100   112 3 0 0
6081 6697 51 100   112 3 0 0
6082 6698 52 77   120 4 0 0
6082 6696 52 100   120 4 0 0
6082 6697 52 100   120 4 0 0
6083 6698 52 100   125 5 0 0
6083 6696 52 100   125 5 0 0
6083 6697 52 100   125 5 0 0
6084 6698 52 100   128 6 0 0
6084 6697 52 100   128 6 0 0
6084 6696 52 100   128 6 0 0
6085 6698 53 78   131 7 0 0
6085 6696 53 78   131 7 0 0
6085 6697 53 100   131 7 0 0
6086 6696 53 100   133 8 0 0
6086 6698 53 100   133 8 0 0
6086 6697 53 100   133 8 0 0
6086 6696 54 79   135 9 0 0
6087 6698 54 79   135 9 0 0
6087 6697 54 100   135 9 0 0
6087 6696 54 100   136 10 0 0
6088 6698 54 100   136 10 0 0
6088 6697 54 100   136 10 0 0
6088 6696 54 100   137 11 0 0
6089 6698 54 100   137 11 0 0
6089 6697 54 100   137 11 0 0
6089 6696 55 80   138 12 0 0
6089 6698 55 100   138 12 0 0
6090 6697 55 100   138 12 0 0
6091 6698 55 100   139 13 0 0
6091 6696 55 100   139 13 0 0
6091 6697 55 100   139 13 0 0
6092 6698 55 100   140 14 0 0
6092 6696 55 100   140 14 0 0
6092 6697 55 100   140 14 0 0
6093 6698 56 81   140 15 0 0
6093 6696 56 100   140 15 0 0
6093 6697 56 100   140 15 0 0
6094 6698 56 100   141 16 0 0
6094 6696 56 100   141 16 0 0
6094 6697 56 100   141 16 0 0
6095 6698 57 82   141 17 0 0
6095 6696 57 100   141 17 0 0
6095 6697 57 100   141 17 0 0
6096 6698 57 100   142 18 0 0
6096 6697 57 100   142 18 0 0
6096 6696 57 100   142 18 0 0
6097 6696 57 100   142 19 0 0
6097 6698 57 100   142 19 0 0
6097 6697 57 100   142 19 0 0
6098 6696 58 83   142 20 0 0
6098 6698 58 83   142 20 0 0
6098 6697 58 100   142 20 0 0
6098 6696 58 100   143 21 0 0
6099 6698 58 100   143 21 0 0
6099 6697 58 100   143 21 0 0
6099 6696 58 100   143 22 0 0
6100 6698 58 100   143 22 0 0
6100 6697 58 100   143 22 0 0
6100 6696 59 84   143 23 0 0
6101 6698 59 100   143 23 0 0
6101 6697 59 100   143 23 0 0
6101 6696 59 100   144 24 0 0
6101 6698 59 100   144 24 0 0
6102 6697 59 100   144 24 0 0
6103 6698 60 85   144 25 0 0
6103 6696 60 85   144 25 0 0
6103 6697 60 100   144 25 0 0
6104 6698 60 100   144 26 0 0
6104 6696 60 100   144 26 0 0
6104 6697 60 100   144 26 0 0
6105 6698 60 100   144 27 0 0
6105 6696 60 100   144 27 0 0
6105 6697 60 100   144 27 0 0
6106 6698 61 86   144 28 0 0
6106 6696 61 100   144 28 0 0
6106 6697 61 100   144 28 0 0
6107 6698 61 100   145 29 0 0
6107 6696 61 100   145 29 0 0
6107 6697 61 100   145 29 0 0
6108 6698 61 100   145 30 0 0
6108 6697 61 100   145 30 0 0
6108 6696 61 100   145 30 0 0
6109 6696 62 87   145 31 0 0
6109 6698 62 87   145 31 0 0
6109 6697 62 100   145 31 0 0
6109 6696 62 100   145 32 0 0
6110 6698 62 100   145 32 0 0
6110 6697 62 100   145 32 0 0
6110 6696 63 88   145 33 0 0
6111 6698 63 88   145 33 0 0
6111 6697 63 100   145 33 0 0
6111 6696 63 100   145 34 0 0
6112 6698 63 100   145 34 0 0
6112 6697 63 100   145 34 0 0
6112 6696 63 100   145 35 0 0
6113 6697 63 100   145 35 0 0
6113 6698 63 100   145 35 0 0
6113 6696 64 89   145 36 0 0
6113 6698 64 89   145 36 0 0
6114 6697 64 100   145 36 0 0
6115 6698 64 100   146 37 0 0
6115 6696 64 100   146 37 0 0
6115 6697 64 100   146 37 0 0
6116 6698 64 100   146 38 0 0
6116 6696 64 100   146 38 0 0
6116 6697 64 100   146 38 0 0
6116 6698 65 90   146 39 0 0
6117 6696 65 100   146 39 0 0
6117 6697 65 100   146 39 0 0
6118 6698 65 100   146 40 0 0
6118 6696 65 100   146 40 0 0
6118 6697 65 100   146 40 0 0
6119 6698 66 91   146 41 0 0
6119 6696 66 100   146 41 0 0
6119 6697 66 100   146 41 0 0
6120 6698 66 100   146 42 0 0
6120 6697 66 100   146 42 0 0
6120 6696 66 100   146 42 0 0
6121 6696 66 100   146 43 0 0
6121 6698 66 100   146 43 0 0
6121 6697 66 100   146 43 0 0
6121 6696 67 92   146 44 0 0
6122 6698 67 100   146 44 0 0
6122 6697 67 100   146 44 0 0
6122 6696 67 100   146 45 0 0
6123 6698 67 100   146 45 0 0
6123 6697 67 100   146 45 0 0
6123 6696 67 100   146 46 0 0
6124 6698 67 100   146 46 0 0
6124 6697 67 100   146 46 0 0
6124 6696 68 93   146 47 0 0
6125 6697 68 100   146 47 0 0
6125 6698 68 100   146 47 0 0
6125 6696 68 100   146 48 0 0
6125 6698 68 100   146 48 0 0
6126 6697 68 100   146 48 0 0
6127 6696 69 94   147 49 0 0
6127 6698 69 94   147 49 0 0
6127 6697 69 100   147 49 0 0
6128 6698 69 100   147 50 0 0
6128 6696 69 100   147 50 0 0
6128 6697 69 100   147 50 0 0
6129 6698 69 100   147 51 0 0
6129 6696 69 100   147 51 0 0
6129 6697 69 100   147 51 0 0
6130 6698 70 95   147 52 0 0
6130 6696 70 100   147 52 0 0
6130 6697 70 100   147 52 0 0
6131 6698 70 100   147 53 0 0
6131 6696 70 100   147 53 0 0
6131 6697 70 100   147 53 0 0
6132 6698 70 100   147 54 0 0
6132 6697 70 100   147 54 0 0
6132 6696 70 100   147 54 0 0
6133 6696 71 96   147 55 0 0
6133 6698 71 96   147 55 0 0
6133 6697 71 100   147 55 0 0
6133 6696 71 100   147 56 0 0
6134 6698 71 100   147 56 0 0
6134 6697 71 100   147 56 0 0
6134 6696 72 97   147 57 0 0
6135 6698 72 100   147 57 0 0
6135 6697 72 100   147 57 0 0
6135 6696 72 100   147 58 0 0
6136 6698 72 100   147 58 0 0
6136 6697 72 100   147 58 0 0
6136 6696 72 100   147 59 0 0
6137 6697 72 100   147 59 0 0
6137 6698 72 100   147 59 0 0
6137 6696 73 98   147 60 0 0
6137 6698 73 98   147 60 0 0
6138 6697 73 100   147 60 0 0
6139 6698 73 100   147 61 0 0
6139 6696 73 100   147 61 0 0
6139 6697 73 100   147 61 0 0
6140 6698 73 100   147 62 0 0
6140 6696 73 100   147 62 0 0
6140 6697 73 100   147 62 0 0
6141 6698 74 99   147 63 0 0
6141 6696 74 100   147 63 0 0
6141 6697 74 100   147 63 0 0
6142 6698 74 100   147 64 0 0
6142 6696 74 100   147 64 0 0
6142 6697 74 100   147 64 0 0
6143 6698 75 100   147 65 0 0
6143 6696 75 100   147 65 0 0
6143 6697 75 100   147 65 0 0
6144 6698 75 100   147 66 0 0
6144 6697 75 100   147 66 0 0
6144 6696 75 100   147 66 0 0
6145 6696 75 100   147 67 0 0
6145 6698 75 100   147 67 0 0
6145 6697 75 100   147 67 0 0
6145 6696 76 100   147 68 0 0
6146 6698 76 100   147 68 0 0
6146 6697 76 100   147 68 0 0
6146 6696 76 100   147 69 0 0
6147 6698 76 100   147 69 0 0
6147 6697 76 100   147 69 0 0
6147 6696 76 100   147 70 0 0
6148 6697 76 100   147 70 0 0
6148 6698 76 100   147 70 0 0
6148 6698 77 100   147 71 0 0
6148 6696 77 100   147 71 0 0
6149 6697 77 100   147 71 0 0
6149 6698 77 100   147 72 0 0
6149 6696 77 100   147 72 0 0
6150 6697 77 100   147 72 0 0
6151 6698 78 100   147 73 0 0
6151 6696 78 100   147 73 0 0
6151 6697 78 100   147 73 0 0
6152 6698 78 100   148 74 0 0
6152 6696 78 100   148 74 0 0
6152 6697 78 100   148 74 0 0
6153 6698 78 100   148 75 0 0
6153 6696 78 100   148 75 0 0
6153 6697 78 100   148 75 0 0
6154 6698 79 100   148 76 0 0
6154 6696 79 100   148 76 0 0
6154 6697 79 100   148 76 0 0
6155 6698 79 100   148 77 0 0
6155 6697 79 100   148 77 0 0
6155 6696 79 100   148 77 0 0
6156 6696 79 100   148 78 0 0
6156 6698 79 100   148 78 0 0
6156 6697 79 100   148 78 0 0
6157 6696 80 100   148 79 0 0
6157 6698 80 100   148 79 0 0
6157 6697 80 100   148 79 0 0
6157 6696 80 100   148 80 0 0
6158 6698 80 100   148 80 0 0
6158 6697 80 100   148 80 0 0
6158 6696 81 100   148 81 0 0
6159 6698 81 100   148 81 0 0
6159 6697 81 100   148 81 0 0
6159 6696 81 100   148 82 0 0
6160 6697 81 100   148 82 0 0
6160 6698 81 100   148 82 0 0
6160 6696 81 100   148 83 0 0
6160 6698 81 100   148 83 0 0
6161 6697 81 100   148 83 0 0
6161 6698 82 100   148 84 0 0
6161 6696 82 100   148 84 0 0
6162 6697 82 100   148 84 0 0
6163 6698 82 100   148 85 0 0
6163 6696 82 100   148 85 0 0
6163 6697 82 100   148 85 0 0
6164 6698 82 100   148 86 0 0
6164 6696 82 100   148 86 0 0
6164 6697 82 100   148 86 0 0
6165 6698 83 100   148 87 0 0
6165 6696 83 100   148 87 0 0
6165 6697 83 100   148 87 0 0
6166 6698 83 100   148 88 0 0
6166 6696 83 100   148 88 0 0
6166 6697 83 100   148 88 0 0
6167 6698 83 100   148 89 0 0
6167 6697 83 100   148 89 0 0
6167 6696 83 100   148 89 0 0
6168 6696 84 100   148 90 0 0
6168 6698 84 100   148 90 0 0
6168 6697 84 100   148 90 0 0
6169 6696 84 100   148 91 0 0
6169 6698 84 100   148 91 0 0
6169 6697 84 100   148 91 0 0
6170 6696 84 100   148 92 0 0
6170 6698 84 100   148 92 0 0
6170 6697 84 100   148 92 0 0
6170 6696 85 100   148 93 0 0
6171 6698 85 100   148 93 0 0
6171 6697 85 100   148 93 0 0
6171 6696 85 100   148 94 0 0
6172 6697 85 100   148 94 0 0
6172 6698 85 100   148 94 0 0
6172 6696 86 100   148 95 0 0
6172 6698 85 100   148 95 0 0
6173 6697 86 100   148 95 0 0
6173 6696 86 100   148 96 0 0
6173 6698 86 100   148 96 0 0
6174 6697 86 100   148 96 0 0
6175 6698 86 100   148 97 0 0
6175 6696 86 100   148 97 0 0
6175 6697 86 100   148 97 0 0
6176 6698 87 100   148 98 0 0
6176 6696 87 100   148 98 0 0
6176 6697 87 100   148 98 0 0
6177 6698 87 100   148 99 0 0
6177 6696 87 100   148 99 0 0
6177 6697 87 100   148 99 0 0
6178 6698 87 100   148 100 0 0
6178 6696 87 100   148 100 0 0
6178 6697 87 100   148 100 0 0
6179 6698 88 100   148 101 0 0
6179 6697 88 100   148 101 0 0
6179 6696 88 100   148 101 0 0
6180 6696 88 100   148 102 0 0
6180 6698 88 100   148 102 0 0
6180 6697 88 100   148 102 0 0
6181 6696 88 100   148 103 0 0
6181 6698 88 100   148 103 0 0
6181 6697 88 100   148 103 0 0
6182 6696 89 100   148 104 0 0
6182 6698 89 100   148 104 0 0
6182 6697 89 100   148 104 0 0
6182 6696 89 100   148 105 0 0
6183 6698 89 100   148 105 0 0
6183 6697 89 100   148 105 0 0
6183 6696 89 100   148 106 0 0
6184 6697 89 100   148 106 0 0
6184 6698 89 100   148 106 0 0
6184 6698 90 100   148 107 0 0
6184 6696 90 100   148 107 0 0
6185 6697 90 100   148 107 0 0
6185 6698 90 100   148 108 0 0
6185 6696 90 100   148 108 0 0
6186 6697 90 100   148 108 0 0
6187 6698 90 100   148 109 0 0
6187 6696 90 100   148 109 0 0
6187 6697 90 100   148 109 0 0
6187 6698 91 100   148 110 0 0
6188 6696 91 100   148 110 0 0
6188 6697 91 100   148 110 0 0
6189 6698 91 100   148 111 0 0
6189 6696 91 100   148 111 0 0
6189 6697 91 100   148 111 0 0
6190 6698 91 100   148 112 0 0
6190 6696 92 100   148 112 0 0
6190 6697 92 100   148 112 0 0
6191 6698 92 100   148 113 0 0
6191 6697 92 100   148 113 0 0
6191 6696 92 100   148 113 0 0
6192 6696 92 100   148 114 0 0
6192 6698 92 100   148 114 0 0
6192 6697 92 100   148 114 0 0
6193 6696 93 100   148 115 0 0
6193 6698 93 100   148 115 0 0
6193 6697 93 100   148 115 0 0
6194 6696 93 100   148 116 0 0
6194 6698 93 100   148 116 0 0
6194 6697 93 100   148 116 0 0
6194 6696 93 100   148 117 0 0
6195 6698 93 100   148 117 0 0
6195 6697 93 100   148 117 0 0
6195 6696 94 100   148 118 0 0
6196 6697 94 100   148 118 0 0
6196 6698 94 100   148 118 0 0
6196 6696 94 100   148 119 0 0
6196 6698 94 100   148 119 0 0
6197 6697 94 100   148 119 0 0
6197 6698 94 100   148 120 0 0
6197 6696 94 100   148 120 0 0
6198 6697 94 100   148 120 0 0
6199 6698 95 100   148 121 0 0
6199 6696 95 100   148 121 0 0
6199 6697 95 100   148 121 0 0
6200 6698 95 100   148 122 0 0
6200 6696 95 100   148 122 0 0
6200 6697 95 100   148 122 0 0
6201 6698 95 100   148 123 0 0
6201 6696 95 100   148 123 0 0
6201 6697 95 100   148 123 0 0
6202 6698 96 100   148 124 0 0
6202 6696 96 100   148 124 0 0
6202 6697 96 100   148 124 0 0
6203 6698 96 100   148 125 0 0
6203 6697 96 100   148 125 0 0
6203 6696 96 100   148 125 0 0
6204 6696 96 100   148 126 0 0
6204 6698 96 100   148 126 0 0
6204 6697 96 100   148 126 0 0
6205 6696 97 100   148 127 0 0
6205 6698 97 100   148 127 0 0
6205 6697 97 100   148 127 0 0
6205 6696 97 100   148 128 0 0
6206 6698 97 100   148 128 0 0
6206 6697 97 100   148 128 0 0
6206 6696 98 100   148 129 0 0
6207 6698 97 100   148 129 0 0
6207 6697 98 100   148 129 0 0
6207 6696 98 100   148 130 0 0
6208 6697 98 100   148 130 0 0
6208 6698 98 100   148 130 0 0
6208 6696 98 100   148 131 0 0
6208 6698 98 100   148 131 0 0
6209 6697 98 100   148 131 0 0
6209 6698 99 100   148 132 0 0
6209 6696 99 100   148 132 0 0
6210 6697 99 100   148 132 0 0
6211 6698 99 100   148 133 0 0
6211 6696 99 100   148 133 0 0
6211 6697 99 100   148 133 0 0
6212 6698 99 100   148 134 0 0
6212 6696 99 100   148 134 0 0
6212 6697 99 100   148 134 0 0
6213 6698 100 100   148 135 0 0
6213 6696 100 100   148 135 0 0
6213 6697 100 100   148 135 0 0
6214 6698 100 100   148 136 0 0
6214 6696 100 100   148 136 0 0
6214 6697 100 100   148 136 0 0
6215 6698 100 100   148 137 0 0
6215 6697 100 100   148 137 0 0
6215 6696 100 100   148 137 0 0
6216 6696 100 100   148 138 0 0
6216 6698 100 100   148 138 0 0
6216 6697 100 100   148 138 0 0
6217 6696 100 100   148 139 0 0
6217 6698 100 100   148 139 0 0
6217 6697 100 100   148 139 0 0
6218 6696 100 100   148 140 0 0
6218 6698 100 100   148 140 0 0
6218 6697 100 100   148 140 0 0
6218 6696 100 100   148 141 0 0
6219 6698 100 100   148 141 0 0
6219 6697 100 100   148 141 0 0
6219 6696 100 100   148 142 0 0
6220 6697 100 100   148 142 0 0
6220 6698 100 100   148 142 0 0
6220 6698 100 100   148 143 0 0
6220 6696 100 100   148 143 0 0
6221 6697 100 100   148 143 0 0
6221 6696 100 100   148 144 0 0
6221 6698 100 100   148 144 0 0
6222 6697 100 100   148 144 0 0
6223 6698 100 100   148 145 0 0
6223 6696 100 100   148 145 0 0
6223 6697 100 100   148 145 0 0
6224 6698 100 100   148 146 0 0
6224 6696 100 100   148 146 0 0
6224 6697 100 100   148 146 0 0
6225 6698 100 100   148 147 0 0
6225 6696 100 100   148 147 0 0
6225 6697 100 100   148 147 0 0
6226 6698 100 100   148 148 0 0
6226 6696 100 100   148 148 0 0
6226 6697 100 100   148 148 0 0
6227 6698 100 100   149 149 0 0
6227 6697 100 100   149 149 0 0
6227 6696 100 100   149 149 0 0
6228 6696 100 100   149 150 0 0
6228 6698 100 100   149 150 0 0
6228 6697 100 100   149 150 0 0
6229 6696 100 100   149 151 0 0
6229 6698 100 100   149 151 0 0
6229 6697 100 100   149 151 0 0
6229 6696 100 100   149 152 0 0
6230 6698 100 100   149 152 0 0
6230 6697 100 100   149 152 0 0
6230 6696 100 100   149 153 0 0
6231 6698 100 100   149 153 0 0
6231 6697 100 100   149 153 0 0
6231 6696 100 100   149 154 0 0
6232 6697 100 100   149 154 0 0
6232 6698 100 100   149 154 0 0
6232 6698 100 100   149 155 0 0
6232 6696 100 100   149 155 0 0
6233 6697 100 100   149 155 0 0
6233 6696 100 100   149 156 0 0
6233 6698 100 100   149 156 0 0
6234 6697 100 100   149 156 0 0
6234 6698 100 100   149 157 0 0
6235 6696 100 100   149 157 0 0
6235 6697 100 100   149 157 0 0
6236 6698 100 100   149 158 0 0
6236 6696 100 100   149 158 0 0
6236 6697 100 100   149 158 0 0
6237 6698 100 100   149 159 0 0
6237 6696 100 100   149 159 0 0
6237 6697 100 100   149 159 0 0
6238 6698 100 100   149 160 0 0
6238 6696 100 100   149 160 0 0
6238 6697 100 100   149 160 0 0
6239 6698 100 100   149 161 0 0
6239 6697 100 100   149 161 0 0
6239 6696 100 100   149 161 0 0
6240 6696 100 100   149 162 0 0
6240 6698 100 100   149 162 0 0
6240 6697 100 100   149 162 0 0
6241 6696 100 100   149 163 0 0
6241 6698 100 100   149 163 0 0
6241 6697 100 100   149 163 0 0
6242 6696 100 100   149 164 0 0
6242 6698 100 100   149 164 0 0
6242 6697 100 100   149 164 0 0
6242 6696 100 100   149 165 0 0
6243 6698 100 100   149 165 0 0
6243 6697 100 100   149 165 0 0
6243 6696 100 100   149 166 0 0
6244 6697 100 100   149 166 0 0
6244 6698 100 100   149 166 0 0
6244 6696 100 100   149 167 0 0
6244 6698 100 100   149 167 0 0
6245 6697 100 100   149 167 0 0
6245 6696 100 100   149 168 0 0
6245 6698 100 100   149 168 0 0
6246 6697 100 100   149 168 0 0
6247 6698 100 100   149 169 0 0
6247 6696 100 100   149 169 0 0
6247 6697 100 100   149 169 0 0
6248 6698 100 100   149 170 0 0
6248 6696 100 100   149 170 0 0
6248 6697 100 100   149 170 0 0
6249 6698 100 100   149 171 0 0
6249 6696 100 100   149 171 0 0
6249 6697 100 100   149 171 0 0
6250 6698 100 100   149 172 0 0
6250 6696 100 100   149 172 0 0
6250 6697 100 100   149 172 0 0
6251 6698 100 100   149 173 0 0
6251 6697 100 100   149 173 0 0
6251 6696 100 100   149 173 0 0
6252 6696 100 100   149 174 0 0
6252 6698 100 100   149 174 0 0
6252 6697 100 100   149 174 0 0
6253 6696 100 100   149 175 0 0
6253 6698 100 100   149 175 0 0
6253 6697 100 100   149 175 0 0
6254 6696 100 100   149 176 0 0
6254 6698 100 100   149 176 0 0
6254 6697 100 100   149 176 0 0
6254 6696 100 100   149 177 0 0
6255 6698 100 100   149 177 0 0
6255 6697 100 100   149 177 0 0
6255 6696 100 100   149 178 0 0
6256 6697 100 100   149 178 0 0
6256 6698 100 100   149 178 0 0
6256 6696 100 100   149 179 0 0
6256 6698 100 100   149 179 0 0
6257 6697 100 100   149 179 0 0
6257 6698 100 100   149 180 0 0
6257 6696 100 100   149 180 0 0
6258 6697 100 100   149 180 0 0
6259 6698 100 100   149 181 0 0
6259 6696 100 100   149 181 0 0
6259 6697 100 100   149 181 0 0
6260 6698 100 100   149 182 0 0
6260 6696 100 100   149 182 0 0
6260 6697 100 100   149 182 0 0
6261 6698 100 100   149 183 0 0
6261 6696 100 100   149 183 0 0
6261 6697 100 100   149 183 0 0
6262 6698 100 100   149 184 0 0
6262 6696 100 100   149 184 0 0
6262 6697 100 100   149 184 0 0
6263 6698 100 100   149 185 0 0
6263 6697 100 100   149 185 0 0
6263 6696 100 100   149 185 0 0
6264 6696 100 100   149 186 0 0
6264 6698 100 100   149 186 0 0
6264 6697 100 100   149 186 0 0
6265 6696 100 100   149 187 0 0
6265 6698 100 100   149 187 0 0
6265 6697 100 100   149 187 0 0
6266 6696 100 100   149 188 0 0
6266 6698 100 100   149 188 0 0
6266 6697 100 100   149 188 0 0
6266 6696 100 100   149 189 0 0
6267 6698 100 100   149 189 0 0
6267 6697 100 100   149 189 0 0
6267 6696 100 100   149 190 0 0
6268 6697 100 100   149 190 0 0
6268 6698 100 100   149 190 0 0
6268 6698 100 100   149 191 0 0
6268 6696 100 100   149 191 0 0
6269 6697 100 100   149 191 0 0
6269 6698 100 100   149 192 0 0
6269 6696 100 100   149 192 0 0
6270 6697 100 100   149 192 0 0
6271 6698 100 100   149 193 0 0
6271 6696 100 100   149 193 0 0
6271 6697 100 100   149 193 0 0
6272 6698 100 100   149 194 0 0
6272 6696 100 100   149 194 0 0
6272 6697 100 100   149 194 0 0
6273 6698 100 100   149 195 0 0
6273 6696 100 100   149 195 0 0
6273 6697 100 100   149 195 0 0
6274 6698 100 100   149 196 0 0
6274 6697 100 100   149 196 0 0
6274 6696 100 100   149 196 0 0
6275 6698 100 100   149 197 0 0
6275 6697 100 100   149 197 0 0
6275 6696 100 100   149 197 0 0
6276 6696 100 100   149 198 0 0
6276 6698 100 100   149 198 0 0
6276 6697 100 100   149 198 0 0
6277 6696 100 100   149 199 0 0
6277 6698 100 100   149 199 0 0
6277 6697 100 100   149 199 0 0
6278 6696 100 100   149 200 0 0
6278 6698 100 100   149 200 0 0
6278 6697 100 100   149 200 0 0
6278 6696 100 100   149 201 0 0
6279 6698 100 100   149 201 0 0
6279 6697 100 100   149 201 0 0
6279 6696 100 100   149 202 0 0
6280 6697 100 100   149 202 0 0
6280 6698 100 100   149 202 0 0
6280 6698 100 100   149 203 0 0
6280 6696 100 100   149 203 0 0
6281 6697 100 100   149 203 0 0
6281 6696 100 100   149 204 0 0
6281 6698 100 100   149 204 0 0
6282 6697 100 100   149 204 0 0
6283 6698 100 100   149 205 0 0
6283 6696 100 100   149 205 0 0
6283 6697 100 100   149 205 0 0
6284 6698 100 100   149 206 0 0
6284 6696 100 100   149 206 0 0
6284 6697 100 100   149 206 0 0
6285 6698 100 100   149 207 0 0
6285 6696 100 100   149 207 0 0
6285 6697 100 100   149 207 0 0
6285 6698 100 100   149 208 0 0
6286 6696 100 100   149 208 0 0
6286 6697 100 100   149 208 0 0
6287 6698 100 100   149 209 0 0
6287 6697 100 100   149 209 0 0
6287 6696 100 100   149 209 0 0
6288 6696 100 100   149 210 0 0
6288 6698 100 100   149 210 0 0
6288 6697 100 100   149 210 0 0
6289 6696 100 100   149 211 0 0
6289 6698 100 100   149 211 0 0
6289 6697 100 100   149 211 0 0
6289 6696 100 100   149 212 0 0
6290 6698 100 100   149 212 0 0
6290 6697 100 100   149 212 0 0
6290 6696 100 100   149 213 0 0
6291 6698 100 100   149 213 0 0
6291 6697 100 100   149 213 0 0
6291 6696 100 100   149 214 0 0
6292 6697 100 100   149 214 0 0
6292 6698 100 100   149 214 0 0
6292 6698 100 100   149 215 0 0
6292 6696 100 100   149 215 0 0
6293 6697 100 100   149 215 0 0
6293 6698 100 100   149 216 0 0
6293 6696 100 100   149 216 0 0
6294 6697 100 100   149 216 0 0
6295 6698 100 100   149 217 0 0
6295 6696 100 100   149 217 0 0
6295 6697 100 100   149 217 0 0
6296 6698 100 100   149 218 0 0
6296 6696 100 100   149 218 0 0
6296 6697 100 100   149 218 0 0
6297 6698 100 100   149 219 0 0
6297 6696 100 100   149 219 0 0
6297 6697 100 100   149 219 0 0
6298 6698 100 100   149 220 0 0
6298 6696 100 100   149 220 0 0
6298 6697 100 100   149 220 0 0
6299 6698 100 100   149 221 0 0
6299 6697 100 100   149 221 0 0
6299 6696 100 100   149 221 0 0
6300 6696 100 100   149 222 0 0
6300 6698 100 100   149 222 0 0
6300 6697 100 100   149 222 0 0
6301 6696 100 100   149 223 0 0
6301 6698 100 100   149 223 0 0
6301 6697 100 100   149 223 0 0
6302 6696 100 100   149 224 0 0
6302 6698 100 100   149 224 0 0
6302 6697 100 100   149 224 0 0
6302 6696 100 100   149 225 0 0
6303 6698 100 100   149 225 0 0
6303 6697 100 100   149 225 0 0
6303 6696 100 100   149 226 0 0
6304 6697 100 100   149 226 0 0
6304 6698 100 100   149 226 0 0
6304 6698 100 100   149 227 0 0
6304 6696 100 100   149 227 0 0
6305 6697 100 100   149 227 0 0
6305 6698 100 100   149 228 0 0
6305 6696 100 100   149 228 0 0
6306 6697 100 100   149 228 0 0
6307 6698 100 100   149 229 0 0
6307 6696 100 100   149 229 0 0
6307 6697 100 100   149 229 0 0
6308 6698 100 100   149 230 0 0
6308 6696 100 100   149 230 0 0
6308 6697 100 100   149 230 0 0
6309 6698 100 100   149 231 0 0
6309 6696 100 100   149 231 0 0
6309 6697 100 100   149 231 0 0
6310 6698 100 100   149 232 0 0
6310 6696 100 100   149 232 0 0
6310 6697 100 100   149 232 0 0
6311 6698 100 100   149 233 0 0
6311 6697 100 100   149 233 0 0
6311 6696 100 100   149 233 0 0
6312 6696 100 100   149 234 0 0
6312 6698 100 100   149 234 0 0
6312 6697 100 100   149 234 0 0
6313 6696 100 100   149 235 0 0
6313 6698 100 100   149 235 0 0
6313 6697 100 100   149 235 0 0
6314 6696 100 100   149 236 0 0
6314 6698 100 100   149 236 0 0
6314 6697 100 100   149 236 0 0
6314 6696 100 100   149 237 0 0
6315 6698 100 100   149 237 0 0
6315 6697 100 100   149 237 0 0
6315 6696 100 100   149 238 0 0
6316 6697 100 100   149 238 0 0
6316 6698 100 100   149 238 0 0
6316 6696 100 100   149 239 0 0
6316 6698 100 100   149 239 0 0
6317 6697 100 100   149 239 0 0
6317 6698 100 100   149 240 0 0
6317 6696 100 100   149 240 0 0
6318 6697 100 100   149 240 0 0
6319 6698 100 100   149 241 0 0
6319 6696 100 100   149 241 0 0
6319 6697 100 100   149 241 0 0
6320 6698 100 100   149 242 0 0
6320 6696 100 100   149 242 0 0
6320 6697 100 100   149 242 0 0
6321 6698 100 100   149 243 0 0
6321 6696 100 100   149 243 0 0
6321 6697 100 100   149 243 0 0
6322 6698 100 100   149 244 0 0
6322 6696 100 100   149 244 0 0
6322 6697 100 100   149 244 0 0
6323 6698 100 100   149 245 0 0
6323 6697 100 100   149 245 0 0
6323 6696 100 100   149 245 0 0
6324 6696 100 100   149 246 0 0
6324 6698 100 100   149 246 0 0
6324 6697 100 100   149 246 0 0
6325 6696 100 100   149 247 0 0
6325 6698 100 100   149 247 0 0
6325 6697 100 100   149 247 0 0
6326 6696 100 100   149 248 0 0
6326 6698 100 100   149 248 0 0
6326 6697 100 100   149 248 0 0
6326 6696 100 100   149 249 0 0
6327 6698 100 100   149 249 0 0
6327 6697 100 100   149 249 0 0
6327 6696 100 100   149 250 0 0
6328 6697 100 100   149 250 0 0
6328 6698 100 100   149 250 0 0
6328 6698 100 100   149 251 0 0
6328 6696 100 100   149 251 0 0
6329 6697 100 100   149 251 0 0
6329 6696 100 100   149 252 0 0
6329 6698 100 100   149 252 0 0
6330 6697 100 100   149 252 0 0
6330 6698 100 100   149 253 0 0
6331 6696 100 100   149 253 0 0
6331 6697 100 100   149 253 0 0
6332 6698 100 100   149 254 0 0
6332 6696 100 100   149 254 0 0
6332 6697 100 100   149 254 0 0
6333 6698 100 100   149 255 0 0
6333 6696 100 100   149 255 0 0
6333 6697 100 100   149 255 0 0
6334 6698 100 100   149 256 0 0
6334 6696 100 100   149 256 0 0
6334 6697 100 100   149 256 0 0
6335 6698 100 100   149 257 0 0
6335 6697 100 100   149 257 0 0
6335 6696 100 100   149 257 0 0
6336 6696 100 100   149 258 0 0
6336 6698 100 100   149 258 0 0
6336 6697 100 100   149 258 0 0
6337 6696 100 100   149 259 0 0
6337 6698 100 100   149 259 0 0
6337 6697 100 100   149 259 0 0
6337 6696 100 100   149 260 0 0
6338 6698 100 100   149 260 0 0
6338 6697 100 100   149 260 0 0
6338 6696 100 100   149 261 0 0
6339 6698 100 100   149 261 0 0
6339 6697 100 100   149 261 0 0
6339 6696 100 100   149 262 0 0
6340 6697 100 100   149 262 0 0
6340 6698 100 100   149 262 0 0
6340 6698 100 100   149 263 0 0
6340 6696 100 100   149 263 0 0
6341 6697 100 100   149 263 0 0
6341 6698 100 100   149 264 0 0
6341 6696 100 100   149 264 0 0
6342 6697 100 100   149 264 0 0
6343 6698 100 100   149 265 0 0
6343 6696 100 100   149 265 0 0
6343 6697 100 100   149 265 0 0
6343 6698 100 100   149 266 0 0
6344 6696 100 100   149 266 0 0
6344 6697 100 100   149 266 0 0
6345 6698 100 100   149 267 0 0
6345 6696 100 100   149 267 0 0
6345 6697 100 100   149 267 0 0
6346 6698 100 100   149 268 0 0
6346 6696 100 100   149 268 0 0
6346 6697 100 100   149 268 0 0
6347 6698 100 100   149 269 0 0
6347 6697 100 100   149 269 0 0
6347 6696 100 100   149 269 0 0
6348 6696 100 100   149 270 0 0
6348 6698 100 100   149 270 0 0
6348 6697 100 100   149 270 0 0
6349 6696 100 100   149 271 0 0
6349 6698 100 100   149 271 0 0
6349 6697 100 100   149 271 0 0
6349 6696 100 100   149 272 0 0
6350 6698 100 100   149 272 0 0
6350 6697 100 100   149 272 0 0
6350 6696 100 100   149 273 0 0
6351 6698 100 100   149 273 0 0
6351 6697 100 100   149 273 0 0
6351 6696 100 100   149 274 0 0
6352 6697 100 100   149 274 0 0
6352 6698 100 100   149 274 0 0
6352 6696 100 100   149 275 0 0
6352 6698 100 100   149 275 0 0
6353 6697 100 100   149 275 0 0
6353 6698 100 100   149 276 0 0
6353 6696 100 100   149 276 0 0
6354 6697 100 100   149 276 0 0
6355 6698 100 100   149 277 0 0
6355 6696 100 100   149 277 0 0
6355 6697 100 100   149 277 0 0
6356 6698 100 100   149 278 0 0
6356 6700 51 51   0 1 0 831
6356 6699 51 51   0 1 0 831
6357 6700 51 51   0 2 0 831
6357 6699 51 51   0 2 0 831
6358 6699 51 51   0 3 0 831
6358 6700 51 51   0 3 0 831
6359 6699 52 77   0 4 0 831
6359 6700 52 52   0 4 0 831
6360 6700 52 52   0 5 0 831
6360 6699 52 52   0 5 0 831
6360 6700 52 52   0 6 0 831
6361 6699 52 52   0 6 0 831
6361 6700 52 52   0 7 0 831
6362 6699 53 53   0 7 0 831
6362 6700 53 78   0 8 0 831
6363 6699 53 53   0 8 0 831
6363 6700 53 53   0 9 0 831
6364 6699 53 53   0 9 0 831
6364 6700 53 53   0 10 0 831
6365 6699 53 53   0 10 0 831
6365 6700 54 79   0 11 0 831
6366 6699 54 54   0 11 0 831
6367 6700 54 54   0 12 0 831
6367 6699 54 54   0 12 0 831
6368 6700 54 54   0 13 0 831
6368 6699 54 54   0 13 0 831
6369 6700 55 80   0 14 0 831
6369 6699 55 55   0 14 0 831
6370 6699 55 55   0 15 0 831
6370 6700 55 55   0 15 0 831
6371 6699 55 55   0 16 0 831
6371 6700 55 55   0 16 0 831
6371 6700 56 81   0 17 0 831
6372 6699 56 56   0 17 0 831
6373 6700 56 56   0 18 0 831
6373 6699 56 56   0 18 0 831
6373 6700 56 56   0 19 0 831
6374 6699 56 56   0 19 0 831
6374 6700 57 82   0 20 0 831
6375 6699 57 57   0 20 0 831
6376 6700 57 57   0 21 0 831
6376 6699 57 57   0 21 0 831
6376 6700 57 57   0 22 0 831
6377 6699 57 57   0 22 0 831
6377 6700 58 83   0 23 0 831
6378 6699 58 58   0 23 0 831
6379 6700 58 58   0 24 0 831
6379 6699 58 58   0 24 0 831
6380 6700 58 58   0 25 0 831
6380 6699 58 58   0 25 0 831
6381 6700 59 84   0 26 0 831
6381 6699 59 59   0 26 0 831
6382 6699 59 59   0 27 0 831
6382 6700 59 59   0 27 0 831
6383 6700 59 59   0 28 0 831
6383 6699 59 59   0 28 0 831
6384 6700 60 85   0 29 0 831
6384 6699 60 60   0 29 0 831
6384 6700 60 60   0 30 0 831
6385 6699 60 60   0 30 0 831
6385 6700 60 60   0 31 0 831
6386 6699 60 60   0 31 0 831
6386 6700 61 86   0 32 0 831
6387 6699 61 61   0 32 0 831
6387 6700 61 61   0 33 0 831
6388 6699 61 61   0 33 0 831
6388 6700 61 61   0 34 0 831
6389 6699 61 61   0 34 0 831
6389 6700 61 61   0 35 0 831
6390 6699 61 61   0 35 0 831
6391 6700 61 61   0 36 0 831
6391 6699 61 61   0 36 0 831
6392 6700 62 87   0 37 0 831
6392 6699 62 62   0 37 0 831
6393 6700 62 62   0 38 0 831
6393 6699 62 62   0 38 0 831
6393 6700 62 62   0 39 0 831
6394 6699 62 62   0 39 0 831
6395 6700 62 62   0 40 0 831
6395 6699 62 62   0 40 0 831
6396 6700 62 62   0 41 0 831
6396 6699 62 62   0 41 0 831
6397 6700 63 88   0 42 0 831
6397 6699 63 63   0 42 0 831
6398 6699 63 63   0 43 0 831
6398 6700 63 63   0 43 0 831
6399 6699 63 63   0 44 0 831
6399 6700 63 63   0 44 0 831
6399 6700 64 89   0 45 0 831
6400 6699 64 64   0 45 0 831
6400 6700 64 64   0 46 0 831
6401 6699 64 64   0 46 0 831
6401 6700 64 64   0 47 0 831
6402 6699 64 64   0 47 0 831
6403 6700 65 90   0 48 0 831
6403 6699 65 65   0 48 0 831
6403 6700 65 65   0 49 0 831
6404 6699 65 65   0 49 0 831
6405 6700 65 65   0 50 0 831
6405 6699 65 65   0 50 0 831
6406 6700 65 65   0 51 0 831
6406 6699 66 66   0 51 0 831
6407 6700 66 91   0 52 0 831
6407 6699 66 66   0 52 0 831
6408 6700 66 66   0 53 0 831
6408 6699 66 66   0 53 0 831
6409 6700 66 66   0 54 0 831
6409 6699 66 66   0 54 0 831
6410 6700 67 92   0 55 0 831
6410 6699 67 67   0 55 0 831
6411 6699 67 67   0 56 0 831
6411 6700 67 67   0 56 0 831
6412 6699 67 67   0 57 0 831
6412 6700 67 67   0 57 0 831
6412 6700 68 93   0 58 0 831
6413 6699 68 68   0 58 0 831
6413 6700 68 68   0 59 0 831
6414 6699 68 68   0 59 0 831
6414 6700 68 68   0 60 0 831
6415 6699 68 68   0 60 0 831
6416 6700 69 94   0 61 0 831
6416 6699 69 69   0 61 0 831
6417 6700 69 69   0 62 0 831
6417 6699 69 69   0 62 0 831
6418 6700 69 69   0 63 0 831
6418 6699 69 69   0 63 0 831
6419 6700 70 95   0 64 0 831
6419 6699 70 70   0 64 0 831
6420 6700 70 70   0 65 0 831
6420 6699 70 70   0 65 0 831
6421 6700 70 70   0 66 0 831
6421 6699 70 70   0 66 0 831
6422 6700 71 96   0 67 0 831
6422 6699 71 71   0 67 0 831
6423 6700 71 71   0 68 0 831
6423 6699 71 71   0 68 0 831
6423 6700 71 71   0 69 0 831
6424 6699 71 71   0 69 0 831
6424 6700 72 97   0 70 0 831
6425 6699 72 72   0 70 0 831
6425 6700 72 72   0 71 0 831
6426 6699 72 72   0 71 0 831
6427 6700 72 72   0 72 0 831
6427 6699 72 72   0 72 0 831
6428 6700 73 98   0 73 0 831
6428 6699 73 73   0 73 0 831
6429 6700 73 73   0 74 0 831
6429 6699 73 73   0 74 0 831
6430 6700 73 73   0 75 0 831
6430 6699 73 73   0 75 0 831
6431 6700 74 99   0 76 0 831
6431 6699 74 74   0 76 0 831
6432 6700 74 74   0 77 0 831
6432 6699 74 74   0 77 0 831
6433 6699 74 74   0 78 0 831
6433 6700 74 74   0 78 0 831
6434 6699 75 100   0 79 0 831
6434 6700 75 75   0 79 0 831
6434 6700 75 75   0 80 0 831
6435 6699 75 75   0 80 0 831
6435 6700 75 75   0 81 0 831
6436 6699 75 75   0 81 0 831
6436 6700 76 100   0 82 0 831
6437 6699 76 76   0 82 0 831
6437 6700 76 76   0 83 0 831
6438 6699 76 76   0 83 0 831
6439 6700 76 76   0 84 0 831
6439 6699 76 76   0 84 0 831
6440 6700 77 100   0 85 0 831
6440 6699 77 77   0 85 0 831
6441 6700 77 77   0 86 0 831
6441 6699 77 77   0 86 0 831
6442 6700 77 77   0 87 0 831
6442 6699 77 77   0 87 0 831
6443 6700 78 100   0 88 0 831
6443 6699 78 78   0 88 0 831
6444 6700 78 78   0 89 0 831
6444 6699 78 78   0 89 0 831
6445 6699 79 100   0 90 0 831
6445 6700 78 78   0 90 0 831
6446 6699 79 79   0 91 0 831
6446 6700 79 79   0 91 0 831
6446 6700 79 79   0 92 0 831
6447 6699 79 79   0 92 0 831
6447 6700 80 100   0 93 0 831
6448 6699 80 80   0 93 0 831
6448 6700 80 80   0 94 0 831
6449 6699 80 80   0 94 0 831
6449 6700 80 80   0 95 0 831
6450 6699 80 80   0 95 0 831
6451 6700 81 100   0 96 0 831
6451 6699 81 81   0 96 0 831
6452 6700 81 81   0 97 0 831
6452 6699 81 81   0 97 0 831
6453 6700 81 81   0 98 0 831
6453 6699 81 81   0 98 0 831
6454 6700 82 100   0 99 0 831
6454 6699 82 82   0 99 0 831
6455 6700 82 82   0 100 0 831
6455 6699 82 82   0 100 0 831
6456 6699 82 82   0 101 0 831
6456 6700 82 82   0 101 0 831
6457 6699 83 100   0 102 0 831
6457 6700 83 100   0 102 0 831
6458 6699 83 83   0 103 0 831
6458 6700 83 83   0 103 0 831
6458 6700 83 83   0 104 0 831
6459 6699 83 83   0 104 0 831
6459 6700 84 100   0 105 0 831
6460 6699 84 84   0 105 0 831
6460 6700 84 84   0 106 0 831
6461 6699 84 84   0 106 0 831
6461 6700 84 84   0 107 0 831
6462 6699 84 84   0 107 0 831
6463 6700 85 100   0 108 0 831
6463 6699 85 85   0 108 0 831
6464 6700 85 85   0 109 0 831
6464 6699 85 85   0 109 0 831
6465 6700 85 85   0 110 0 831
6465 6699 86 86   0 110 0 831
6466 6700 86 100   0 111 0 831
6466 6699 86 86   0 111 0 831
6467 6700 86 86   0 112 0 831
6467 6699 86 86   0 112 0 831
6468 6700 86 86   0 113 0 831
6468 6699 87 87   0 113 0 831
6469 6699 87 87   0 114 0 831
6469 6700 87 87   0 114 0 831
6470 6699 87 87   0 115 0 831
6470 6700 87 87   0 115 0 831
6470 6700 88 100   0 116 0 831
6471 6699 88 88   0 116 0 831
6471 6700 88 88   0 117 0 831
6472 6699 88 88   0 117 0 831
6472 6700 88 88   0 118 0 831
6473 6699 88 88   0 118 0 831
6473 6700 89 100   0 119 0 831
6474 6699 89 89   0 119 0 831
6475 6700 89 89   0 120 0 831
6475 6699 89 89   0 120 0 831
6476 6700 89 89   0 121 0 831
6476 6699 89 89   0 121 0 831
6477 6700 90 100   0 122 0 831
6477 6699 90 90   0 122 0 831
6478 6700 90 90   0 123 0 831
6478 6699 90 90   0 123 0 831
6479 6700 90 90   0 124 0 831
6479 6699 90 90   0 124 0 831
6480 6700 91 100   0 125 0 831
6480 6699 91 91   0 125 0 831
6481 6699 91 91   0 126 0 831
6481 6700 91 91   0 126 0 831
6482 6699 91 91   0 127 0 831
6482 6700 91 91   0 127 0 831
6482 6700 92 100   0 128 0 831
6483 6699 92 92   0 128 0 831
6483 6700 92 92   0 129 0 831
6484 6699 92 92   0 129 0 831
6484 6700 92 92   0 130 0 831
6485 6699 92 92   0 130 0 831
6485 6700 93 100   0 131 0 831
6486 6699 93 93   0 131 0 831
6487 6700 93 93   0 132 0 831
6487 6699 93 93   0 132 0 831
6488 6700 93 93   0 133 0 831
6488 6699 94 94   0 133 0 831
6489 6700 94 100   0 134 0 831
6489 6699 94 94   0 134 0 831
6490 6700 94 94   0 135 0 831
6490 6699 94 94   0 135 0 831
6491 6700 94 94   0 136 0 831
6491 6699 95 95   0 136 0 831
6492 6700 95 100   0 137 0 831
6492 6699 95 95   0 137 0 831
6493 6699 95 95   0 138 0 831
6493 6700 95 95   0 138 0 831
6494 6699 96 100   0 139 0 831
6494 6700 96 96   0 139 0 831
6494 6700 96 96   0 140 0 831
6495 6699 96 96   0 140 0 831
6495 6700 96 96   0 141 0 831
6496 6699 96 96   0 141 0 831
6496 6700 97 100   0 142 0 831
6497 6699 97 97   0 142 0 831
6497 6700 97 97   0 143 0 831
6498 6699 97 97   0 143 0 831
6499 6700 97 97   0 144 0 831
6499 6699 97 97   0 144 0 831
6500 6700 98 100   0 145 0 831
6500 6699 98 98   0 145 0 831
6501 6700 98 98   0 146 0 831
6501 6699 98 98   0 146 0 831
6502 6700 98 98   0 147 0 831
6502 6699 98 98   0 147 0 831
6503 6700 99 100   0 148 0 831
6503 6699 99 99   0 148 0 831
6504 6700 99 99   0 149 0 831
6504 6699 99 99   0 149 0 831
6505 6699 99 99   0 150 0 831
6505 6700 99 99   0 150 0 831
6506 6699 100 100   0 151 0 831
6506 6700 100 100   0 151 0 831
6506 6700 100 100   0 152 0 831
6507 6699 100 100   0 152 0 831
6507 6700 100 100   0 153 0 831
6508 6699 100 100   0 153 0 831
6508 6700 100 100   0 154 0 831
6509 6699 100 100   0 154 0 831
6509 6700 100 100   0 155 0 831
6510 6699 100 100   0 155 0 831
6511 6700 100 100   0 156 0 831
6511 6699 100 100   0 156 0 831
6512 6700 100 100   0 157 0 831
6512 6699 100 100   0 157 0 831
6512 6700 100 100   0 158 0 831
6513 6699 100 100   0 158 0 831
6514 6700 100 100   0 159 0 831
6514 6699 100 100   0 159 0 831
6515 6700 100 100   0 160 0 831
6515 6699 100 100   0 160 0 831
6516 6700 100 100   0 161 0 831
6516 6699 100 100   0 161 0 831
6517 6699 100 100   0 162 0 831
6517 6700 100 100   0 162 0 831
6518 6699 100 100   0 163 0 831
6518 6700 100 100   0 163 0 831
6518 6700 100 100   0 164 0 831
6519 6699 100 100   0 164 0 831
6519 6700 100 100   0 165 0 831
6520 6699 100 100   0 165 0 831
6520 6700 100 100   0 166 0 831
6521 6699 100 100   0 166 0 831
6521 6700 100 100   0 167 0 831
6522 6699 100 100   0 167 0 831
6523 6700 100 100   0 168 0 831
6523 6699 100 100   0 168 0 831
6524 6700 100 100   0 169 0 831
6524 6699 100 100   0 169 0 831
6525 6700 100 100   0 170 0 831
6525 6699 100 100   0 170 0 831
6526 6700 100 100   0 171 0 831
6526 6699 100 100   0 171 0 831
6527 6700 100 100   0 172 0 831
6527 6699 100 100   0 172 0 831
6528 6700 100 100   0 173 0 831
6528 6699 100 100   0 173 0 831
6529 6699 100 100   0 174 0 831
6529 6700 100 100   0 174 0 831
6530 6699 100 100   0 175 0 831
6530 6700 100 100   0 175 0 831
6530 6700 100 100   0 176 0 831
6531 6699 100 100   0 176 0 831
6531 6700 100 100   0 177 0 831
6532 6699 100 100   0 177 0 831
6532 6700 100 100   0 178 0 831
6533 6699 100 100   0 178 0 831
6533 6700 100 100   0 179 0 831
6534 6699 100 100   0 179 0 831
6535 6700 100 100   0 180 0 831
6535 6699 100 100   0 180 0 831
6536 6700 100 100   0 181 0 831
6536 6699 100 100   0 181 0 831
6537 6700 100 100   0 182 0 831
6537 6699 100 100   0 182 0 831
6538 6700 100 100   0 183 0 831
6538 6699 100 100   0 183 0 831
6539 6700 100 100   0 184 0 831
6539 6699 100 100   0 184 0 831
6540 6700 100 100   0 185 0 831
6540 6699 100 100   0 185 0 831
6541 6699 100 100   0 186 0 831
6541 6700 100 100   0 186 0 831
6542 6699 100 100   0 187 0 831
6542 6700 100 100   0 187 0 831
6542 6700 100 100   0 188 0 831
6543 6699 100 100   0 188 0 831
6543 6700 100 100   0 189 0 831
6544 6699 100 100   0 189 0 831
6544 6700 100 100   0 190 0 831
6545 6699 100 100   0 190 0 831
6545 6700 100 100   0 191 0 831
6546 6699 100 100   0 191 0 831
6547 6700 100 100   0 192 0 831
6547 6699 100 100   0 192 0 831
6548 6700 100 100   0 193 0 831
6548 6699 100 100   0 193 0 831
6549 6700 100 100   0 194 0 831
6549 6699 100 100   0 194 0 831
6550 6700 100 100   0 195 0 831
6550 6699 100 100   0 195 0 831
6551 6700 100 100   0 196 0 831
6551 6699 100 100   0 196 0 831
6552 6700 100 100   0 197 0 831
6552 6699 100 100   0 197 0 831
6553 6699 100 100   0 198 0 831
6553 6700 100 100   0 198 0 831
6554 6699 100 100   0 199 0 831
6554 6700 100 100   0 199 0 831
6554 6700 100 100   0 200 0 831
6555 6699 100 100   0 200 0 831
6555 6700 100 100   0 201 0 831
6556 6699 100 100   0 201 0 831
6556 6700 100 100   0 202 0 831
6557 6699 100 100   0 202 0 831
6557 6700 100 100   0 203 0 831
6558 6699 100 100   0 203 0 831
6559 6700 100 100   0 204 0 831
6559 6699 100 100   0 204 0 831
6560 6700 100 100   0 205 0 831
6560 6699 100 100   0 205 0 831
6561 6700 100 100   0 206 0 831
6561 6699 100 100   0 206 0 831
6562 6700 100 100   0 207 0 831
6562 6699 100 100   0 207 0 831
6563 6700 100 100   0 208 0 831
6563 6699 100 100   0 208 0 831
6564 6700 100 100   0 209 0 831
6564 6699 100 100   0 209 0 831
6565 6699 100 100   0 210 0 831
6565 6700 100 100   0 210 0 831
6566 6699 100 100   0 211 0 831
6566 6700 100 100   0 211 0 831
6566 6700 100 100   0 212 0 831
6567 6699 100 100   0 212 0 831
6567 6700 100 100   0 213 0 831
6568 6699 100 100   0 213 0 831
6568 6700 100 100   0 214 0 831
6569 6699 100 100   0 214 0 831
6569 6700 100 100   0 215 0 831
6570 6699 100 100   0 215 0 831
6571 6700 100 100   0 216 0 831
6571 6699 100 100   0 216 0 831
6572 6700 100 100   0 217 0 831
6572 6699 100 100   0 217 0 831
6573 6700 100 100   0 218 0 831
6573 6699 100 100   0 218 0 831
6574 6700 100 100   0 219 0 831
6574 6699 100 100   0 219 0 831
6575 6700 100 100   0 220 0 831
6575 6699 100 100   0 220 0 831
6576 6700 100 100   0 221 0 831
6576 6699 100 100   0 221 0 831
6577 6699 100 100   0 222 0 831
6577 6700 100 100   0 222 0 831
6578 6699 100 100   0 223 0 831
6578 6700 100 100   0 223 0 831
6578 6700 100 100   0 224 0 831
6579 6699 100 100   0 224 0 831
6579 6700 100 100   0 225 0 831
6580 6699 100 100   0 225 0 831
6580 6700 100 100   0 226 0 831
6581 6699 100 100   0 226 0 831
6581 6700 100 100   0 227 0 831
6582 6699 100 100   0 227 0 831
6583 6700 100 100   0 228 0 831
6583 6699 100 100   0 228 0 831
6584 6700 100 100   0 229 0 831
6584 6699 100 100   0 229 0 831
6585 6700 100 100   0 230 0 831
6585 6699 100 100   0 230 0 831
6586 6700 100 100   0 231 0 831
6586 6699 100 100   0 231 0 831
6587 6700 100 100   0 232 0 831
6587 6699 100 100   0 232 0 831
6588 6700 100 100   0 233 0 831
6588 6699 100 100   0 233 0 831
6589 6699 100 100   0 234 0 831
6589 6700 100 100   0 234 0 831
6590 6699 100 100   0 235 0 831
6590 6700 100 100   0 235 0 831
6590 6700 100 100   0 236 0 831
6591 6699 100 100   0 236 0 831
6591 6700 100 100   0 237 0 831
6592 6699 100 100   0 237 0 831
6592 6700 100 100   0 238 0 831
6593 6699 100 100   0 238 0 831
6593 6700 100 100   0 239 0 831
6594 6699 100 100   0 239 0 831
6595 6700 100 100   0 240 0 831
6595 6699 100 100   0 240 0 831
6596 6700 100 100   0 241 0 831
6596 6699 100 100   0 241 0 831
6597 6700 100 100   0 242 0 831
6597 6699 100 100   0 242 0 831
6598 6700 100 100   0 243 0 831
6598 6699 100 100   0 243 0 831
6599 6700 100 100   0 244 0 831
6599 6699 100 100   0 244 0 831
6600 6700 100 100   0 245 0 831
6600 6699 100 100   0 245 0 831
6601 6699 100 100   0 246 0 831
6601 6700 100 100   0 246 0 831
6602 6699 100 100   0 247 0 831
6602 6700 100 100   0 247 0 831
6602 6700 100 100   0 248 0 831
6603 6699 100 100   0 248 0 831
6603 6700 100 100   0 249 0 831
6604 6699 100 100   0 249 0 831
6604 6700 100 100   0 250 0 831
6605 6699 100 100   0 250 0 831
6605 6700 100 100   0 251 0 831
6606 6699 100 100   0 251 0 831
6607 6700 100 100   0 252 0 831
6607 6699 100 100   0 252 0 831
6608 6700 100 100   0 253 0 831
6608 6699 100 100   0 253 0 831
6609 6700 100 100   0 254 0 831
6609 6699 100 100   0 254 0 831
6610 6700 100 100   0 255 0 831
6610 6699 100 100   0 255 0 831
6611 6700 100 100   0 256 0 831
6611 6699 100 100   0 256 0 831
6612 6699 100 100   0 257 0 831
6612 6700 100 100   0 257 0 831
6613 6699 100 100   0 258 0 831
6613 6700 100 100   0 258 0 831
6614 6699 100 100   0 259 0 831
6614 6700 100 100   0 259 0 831
6614 6700 100 100   0 260 0 831
6615 6699 100 100   0 260 0 831
6615 6700 100 100   0 261 0 831
6616 6699 100 100   0 261 0 831
6616 6700 100 100   0 262 0 831
6617 6699 100 100   0 262 0 831
6617 6700 100 100   0 263 0 831
6618 6699 100 100   0 263 0 831
6619 6700 100 100   0 264 0 831
6619 6699 100 100   0 264 0 831
6620 6700 100 100   0 265 0 831
6620 6699 100 100   0 265 0 831
6621 6700 100 100   0 266 0 831
6621 6699 100 100   0 266 0 831
6622 6700 100 100   0 267 0 831
6622 6699 100 100   0 267 0 831
6623 6700 100 100   0 268 0 831
6623 6699 100 100   0 268 0 831
6624 6700 100 100   0 269 0 831
6624 6699 100 100   0 269 0 831
6625 6699 100 100   0 270 0 831
6625 6700 100 100   0 270 0 831
6626 6699 100 100   0 271 0 831
6626 6700 100 100   0 271 0 831
6626 6700 100 100   0 272 0 831
6627 6699 100 100   0 272 0 831
6627 6700 100 100   0 273 0 831
6628 6699 100 100   0 273 0 831
6628 6700 100 100   0 274 0 831
6629 6699 100 100   0 274 0 831
6629 6700 100 100   0 275 0 831
6630 6699 100 100   0 275 0 831
6631 6700 100 100   0 276 0 831
6631 6699 100 100   0 276 0 831
6632 6700 100 100   0 277 0 831
6632 6699 100 100   0 277 0 831
6633 6700 100 100   0 278 0 831
6633 6699 100 100   0 278 0 831
6634 6700 100 100   0 279 0 831
6634 6699 100 100   0 279 0 831
6635 6700 100 100   0 280 0 831
6635 6699 100 100   0 280 0 831
6636 6699 100 100   0 281 0 831
6636 6700 100 100   0 281 0 831
6637 6699 100 100   0 282 0 831
6637 6700 100 100   0 282 0 831
6638 6700 100 100   0 283 0 831
6638 6699 100 100   0 283 0 831
6638 6700 100 100   0 284 0 831
6639 6699 100 100   0 284 0 831
6639 6700 100 100   1 285 0 831
6640 6699 100 100   1 285 0 831
6640 6700 100 100   1 286 0 831
6641 6699 100 100   1 286 0 831
6641 6700 100 100   1 287 0 831
6642 6699 100 100   1 287 0 831
6643 6700 100 100   1 288 0 831
6643 6699 100 100   1 288 0 831
6644 6700 100 100   1 289 0 831
6644 6699 100 100   1 289 0 831
6645 6700 100 100   1 290 0 831
6645 6699 100 100   1 290 0 831
6646 6700 100 100   1 291 0 831
6646 6699 100 100   1 291 0 831
6647 6700 100 100   2 292 0 831
6647 6699 100 100   2 292 0 831
6648 6699 100 100   2 293 0 831
6648 6700 100 100   2 293 0 831
6649 6699 100 100   2 294 0 831
6649 6700 100 100   2 294 0 831
6649 6700 100 100   2 295 0 831
6650 6699 100 100   2 295 0 831
6650 6700 100 100   2 296 0 831
6651 6699 100 100   2 296 0 831
6651 6700 100 100   2 297 0 831
6652 6699 100 100   2 297 0 831
6652 6700 100 100   2 298 0 831
6653 6699 100 100   2 298 0 831
6653 6700 100 100   2 299 0 831
6654 6699 100 100   2 299 0 831
6655 6700 100 100   3 300 0 831
6655 6699 100 100   3 300 0 831
